2.9658731e-06 1.1408716e-05 1.6661792e-06
3.661697e-06 1.3546801e-05 2.0647078e-06
4.520799e-06 1.6084387e-05 2.5586085e-06
5.581154e-06 1.9096438e-05 3.1706395e-06
6.89001e-06 2.267248e-05 3.9290344e-06
8.505301e-06 2.6916734e-05 4.8689994e-06
1.049892e-05 3.1954693e-05 6.0338484e-06
1.29593545e-05 3.7936825e-05 7.4782724e-06
1.5996136e-05 4.504358e-05 9.269233e-06
1.9745099e-05 5.348822e-05 1.1489733e-05
2.4372106e-05 6.3522224e-05 1.4242748e-05
3.0082363e-05 7.544365e-05 1.7655912e-05
3.713061e-05 8.9603265e-05 2.1889122e-05
4.5832832e-05 0.000106415624 2.7137627e-05
5.657769e-05 0.00012637458 3.3643675e-05
6.9842805e-05 0.00015006766 4.1707237e-05
8.621836e-05 0.00017818564 5.1704606e-05
0.00010643065 0.00021156392 6.410114e-05
0.00013138483 0.00025118855 7.946878e-05
0.00016218945 0.0002982338 9.8523924e-05
0.00020020426 0.00035407057 0.00012215375
0.00024712426 0.0004203637 0.00015146002
0.0003050312 0.0004990893 0.00018779044
0.000376511 0.00059255917 0.00023283223
0.00046474475 0.00070353714 0.00028867542
0.00057366374 0.0008352782 0.00035791402
0.00070811744 0.0009917037 0.0004437667
0.000874099 0.0011774263 0.000550209
0.0010789442 0.0013979776 0.00068216637
0.0013317822 0.0016598331 0.0008457559
0.0016438508 0.0019707822 0.0010485742
0.002029038 0.0023399922 0.0013000411
0.0025044924 0.0027783483 0.0016118115
0.0030912873 0.0032988403 0.0019984136
0.0038156016 0.003916859 0.002477703
0.0047096354 0.00465064 0.003071972
0.005813229 0.00552192 0.0038087214
0.007175336 0.006556552 0.004722125
0.008856597 0.0077849403 0.0058545414
0.010931861 0.009243629 0.0072585493
0.013400722 0.010975798 0.008999256
0.016277578 0.013032435 0.011157305
0.019564504 0.015474941 0.013833104
0.023270996 0.01855623 0.01715043
0.027423289 0.022272684 0.021136971
0.031925004 0.026570598 0.025753077
0.03670261 0.031331204 0.030866455
0.041851036 0.03645729 0.03622718
0.047359496 0.04185349 0.04187551
0.053153764 0.04738933 0.04792517
0.059144992 0.05292776 0.054571033
0.065224014 0.058545183 0.06171887
0.071286134 0.064417444 0.06922363
0.07759571 0.07049802 0.07688504
0.08431856 0.076771125 0.084572464
0.09157823 0.08323896 0.092146315
0.099306755 0.09006482 0.09945835
0.10718158 0.09733063 0.106571764
0.11482678 0.1050894 0.113599055
0.12220011 0.11336399 0.12068101
0.12943016 0.12199668 0.12783374
0.13662136 0.13055521 0.13507888
0.14383408 0.13902238 0.14244711
0.15107721 0.14725557 0.14986089
0.15812388 0.15534009 0.15722345
0.16511029 0.16329062 0.1645964
0.17235388 0.17132182 0.17204763
0.18075727 0.17957896 0.17965817
0.19008514 0.18822755 0.18747371
0.19979933 0.19726619 0.19554892
0.20979328 0.20635103 0.20369634
0.21989441 0.21530536 0.21172504
0.22990653 0.22427185 0.21974301
0.23998772 0.23344253 0.22787198
0.25021577 0.24287888 0.23624869
0.26049107 0.25265896 0.2450925
0.27061263 0.26264623 0.25463575
0.2808311 0.27256736 0.26481152
0.29122928 0.2825176 0.2755376
0.30182534 0.2923593 0.28667834
0.3128531 0.30231142 0.2980713
0.3240459 0.31261113 0.30978945
0.3348564 0.3231241 0.32191584
0.34503746 0.33384213 0.33410868
0.35463458 0.34486535 0.3461409
0.36426374 0.35602167 0.35776046
0.3742814 0.36709282 0.3692802
0.38470182 0.37818646 0.3810247
0.39579216 0.3898606 0.39315128
0.40755743 0.40225625 0.4058369
0.41978237 0.41512656 0.41855142
0.43202212 0.42789474 0.43107107
0.44433853 0.44064984 0.4431544
0.4564881 0.45352468 0.45517007
0.46841413 0.46684825 0.46750998
0.4805384 0.48047012 0.48015732
0.49308977 0.49430376 0.4928101
0.5056878 0.5078464 0.5051571
0.51799846 0.52074856 0.5172266
0.52976483 0.53296524 0.52904564
0.54166794 0.5446186 0.5406416
0.5541369 0.556455 0.5524316
0.5678377 0.5687928 0.5648761
0.58305055 0.5820489 0.57846326
0.59945154 0.5964918 0.59324044
0.6163873 0.6118164 0.6089071
0.633367 0.62738234 0.6253109
0.65071124 0.6426222 0.6422847
0.6682489 0.6571266 0.65957236
0.6855176 0.671245 0.6770988
0.70252717 0.68583316 0.69479173
0.7192985 0.70114034 0.71241736
0.73544276 0.71705854 0.7298045
0.75065356 0.7336366 0.74638057
0.7651379 0.7509771 0.76218575
0.7793557 0.76863974 0.77730304
0.79350597 0.786344 0.7919363
0.80776304 0.8042052 0.80595803
0.8223001 0.82226264 0.8197086
0.83728147 0.84044147 0.8333069
0.85305303 0.85861254 0.84741616
0.8699584 0.87699664 0.86267257
0.8875205 0.8956223 0.8797621
0.90560657 0.9140691 0.8984307
0.92410463 0.9323046 0.9182367
0.9432819 0.9500778 0.9387241
0.96309143 0.9674864 0.9594123
0.98320806 0.98458254 0.9798698
1.0036845 1.0016816 0.9999712
1.0243973 1.0194598 1.0199949
1.0453497 1.0385144 1.0401974
1.0666604 1.0587263 1.0606849
1.0882182 1.0798569 1.0807607
1.109505 1.1012833 1.0999422
1.1301322 1.1222539 1.1185448
1.1498045 1.1425064 1.13687
1.1683494 1.1621848 1.1552504
1.1857097 1.1815372 1.1742048
1.2026657 1.2010655 1.193746
1.2199043 1.2209721 1.2139746
1.2377882 1.2415718 1.235043
1.2563161 1.2629626 1.2570275
1.2758178 1.2850986 1.2799244
1.2967919 1.3076756 1.3029499
1.3189616 1.3306286 1.3268028
1.3425537 1.3537714 1.3515569
1.3664675 1.3772357 1.3773108
1.3899808 1.40056 1.4035324
1.4123863 1.4231063 1.4296372
1.4322686 1.4442755 1.455019
1.4508301 1.4645716 1.478696
1.4694059 1.4846687 1.5001862
1.4893906 1.505211 1.5198
1.5123166 1.5267956 1.5381796
1.5377369 1.5505227 1.5562261
1.565217 1.5758538 1.574455
1.5943002 1.6026607 1.5934199
1.6240876 1.630118 1.6139077
1.6539434 1.6573747 1.6355909
1.6832055 1.6838005 1.6579008
1.7110698 1.7094901 1.6811427
1.73718 1.7345715 1.7056277
1.7613347 1.7591759 1.7305363
1.7828209 1.7833862 1.7557853
1.8027209 1.8071624 1.7811174
1.8220304 1.8303366 1.8059295
1.8414943 1.8522215 1.8296274
1.861914 1.8726746 1.8529778
1.8843589 1.8918636 1.87743
1.9096018 1.9102908 1.9041302
1.9385742 1.9302441 1.9321554
1.9713863 1.9534343 1.9606186
2.007344 1.9796735 1.9896709
2.0458167 2.0084233 2.0196426
2.0863352 2.0390885 2.0506864
2.1283922 2.0697896 2.082973
2.1702933 2.1002564 2.1161118
2.2090318 2.1301951 2.149702
2.242531 2.159316 2.18298
2.268339 2.1869905 2.2146573
2.2890034 2.214062 2.24371
2.3074398 2.2409694 2.2706115
2.3259282 2.2687747 2.2965426
2.3458786 2.2986374 2.3224072
2.368593 2.3316336 2.3493972
2.3945413 2.3686023 2.3771532
2.4244454 2.408561 2.4052165
2.4572575 2.450318 2.4337218
2.4909134 2.4924014 2.4633012
2.5249922 2.5333793 2.4939249
2.5590045 2.5732765 2.5247543
2.5919921 2.6121335 2.555114
2.6237764 2.6499467 2.58538
2.653498 2.6864386 2.6151478
2.6819196 2.7198515 2.6439655
2.7092192 2.7480102 2.6716166
2.7351916 2.773597 2.6978693
2.7596655 2.7982438 2.7235138
2.7819324 2.8235443 2.7499557
2.8020744 2.8502884 2.7781537
2.82036 2.878121 2.8075922
2.8370621 2.9063883 2.8382523
2.8548152 2.9354086 2.8702042
2.8759859 2.9660408 2.9043837
2.9043174 2.9982262 2.9408748
2.9379773 3.0316055 2.9796922
2.9770846 3.0658853 3.0199075
3.0211048 3.1007924 3.061725
3.0684807 3.1371515 3.105307
3.1171477 3.1745002 3.149818
3.1671815 3.2120576 3.1944075
3.217443 3.2488604 3.2384808
3.266265 3.284348 3.2815154
3.311777 3.3169453 3.322918
3.3536437 3.3455932 3.3619807
3.3912387 3.3731558 3.3982565
3.4255047 3.4011428 3.432083
3.4583163 3.4311187 3.464047
3.4913082 3.4648361 3.4957464
3.5263608 3.5031996 3.5286767
3.564274 3.5455887 3.56224
3.6058772 3.5903368 3.59628
3.6498725 3.6360352 3.6308143
3.694584 3.6808598 3.6661968
3.7399423 3.7248507 3.7017822
3.7844062 3.7680554 3.7375615
3.827656 3.8105156 3.7736192
3.8693185 3.8520112 3.8098974
3.9087703 3.8926725 3.8473415
3.9453173 3.9335191 3.8851798
3.9788506 3.9749377 3.9234042
4.0096073 4.016998 3.961332
4.037356 4.059625 3.9987047
4.0629992 4.102825 4.0354023
4.0889664 4.1455293 4.071746
4.1176844 4.186236 4.1077633
4.1501493 4.223549 4.1444
4.187698 4.256472 4.1806035
4.23075 4.28652 4.2172585
4.279711 4.3140993 4.256438
4.3353324 4.3417044 4.302141
4.4044433 4.3725033 4.3584013
4.487719 4.4103894 4.430754
4.585045 4.460776 4.526652
4.6896224 4.5308332 4.6573467
4.8142505 4.634903 4.838149
4.972557 4.792802 5.08926
5.1815968 5.0343976 5.439115
5.494279 5.411913 5.933072
5.9873443 6.02021 6.638164
6.8087134 7.0470386 7.671854
8.240851 8.8653555 9.257668
10.929348 12.182117 11.872822
16.619444 18.411856 16.386232
29.227564 30.092762 24.431501
44.482216 40.42584 36.423183
